,time,mean,std
0,00:00:00,1380.5,34.702819976
1,00:02:00,1379.625,28.0404682048
2,00:04:00,1379.625,30.7614670837
3,00:06:00,1378.875,28.6826851702
4,00:08:00,1380.375,29.1544532251
5,00:10:00,1380.375,30.1753802201
6,00:12:00,1375.625,34.7190252496
7,00:14:00,1375.125,32.7651273678
8,00:16:00,1373.5,31.1860774797
9,00:18:00,1378.0,28.1830749615
10,00:20:00,1376.5,31.6543835827
11,00:22:00,1370.875,31.4980158105
12,00:24:00,1373.0,34.809686665
13,00:26:00,1371.25,35.6881332818
14,00:28:00,1374.375,32.5705278698
15,00:30:00,1377.125,32.5200487612
16,00:32:00,1376.0,32.1913919284
17,00:34:00,1389.0,29.9944439299
18,00:36:00,1387.375,27.5574076119
19,00:38:00,1390.75,28.8233536266
20,00:40:00,1389.875,29.3570994091
21,00:42:00,1400.5,28.8938945602
22,00:44:00,1399.5,31.8792364132
23,00:46:00,1403.625,30.0710468249
24,00:48:00,1409.0,28.6406304799
25,00:50:00,1411.25,33.7204897439
26,00:52:00,1415.75,31.413145565
27,00:54:00,1413.375,29.1152267477
28,00:56:00,1414.125,29.7294346686
29,00:58:00,1414.875,29.6524511153
30,01:00:00,1415.5,29.7273323007
31,01:02:00,1419.5,31.1264701317
32,01:04:00,1416.375,33.0062223571
33,01:06:00,1417.0,28.5757139643
34,01:08:00,1420.875,26.3733496437
35,01:10:00,1421.125,26.2430262845
36,01:12:00,1414.25,30.9411884526
37,01:14:00,1414.5,31.0805405358
38,01:16:00,1418.0,29.1547594742
39,01:18:00,1415.0,30.7896086367
40,01:20:00,1421.625,28.5503940428
41,01:22:00,1415.5,31.1448230048
42,01:24:00,1415.75,31.024184115
43,01:26:00,1419.625,33.3806509395
44,01:28:00,1419.875,33.1164072413
45,01:30:00,1416.5,30.886890423
46,01:32:00,1420.0,29.2574776767
47,01:34:00,1424.0,26.2188590795
48,01:36:00,1430.75,23.8192599141
49,01:38:00,1424.25,25.9215850485
50,01:40:00,1424.0,28.4805698177
51,01:42:00,1427.75,25.1779381886
52,01:44:00,1425.0,26.7635146101
53,01:46:00,1421.0,30.812798825
54,01:48:00,1421.0,30.812798825
55,01:50:00,1421.625,29.794234821
56,01:52:00,1418.125,31.3479892269
57,01:54:00,1421.625,28.9775159144
58,01:56:00,1425.0,26.0877639627
59,01:58:00,1424.5,28.0509740091
60,02:00:00,1424.5,28.0509740091
61,02:02:00,1424.75,28.0853291646
62,02:04:00,1429.57142857,24.9322892575
63,02:06:00,1425.375,25.9556627458
64,02:08:00,1418.75,31.093177938
65,02:10:00,1425.5,27.113517978
66,02:12:00,1422.0,29.0713408212
67,02:14:00,1422.125,29.3522328185
68,02:16:00,1418.875,31.3707666467
69,02:18:00,1425.875,26.8723835936
70,02:20:00,1428.75,25.2572478989
71,02:22:00,1425.25,27.8195717334
72,02:24:00,1425.25,27.8195717334
73,02:26:00,1419.0,31.4778833923
74,02:28:00,1419.0,31.4778833923
75,02:30:00,1419.0,31.4778833923
76,02:32:00,1421.875,30.8518927412
77,02:34:00,1419.125,31.4071761591
78,02:36:00,1419.125,31.4071761591
79,02:38:00,1419.125,31.4071761591
80,02:40:00,1419.375,31.2041091616
81,02:42:00,1419.375,31.2041091616
82,02:44:00,1422.875,28.6477997161
83,02:46:00,1419.375,31.2041091616
84,02:48:00,1419.5,31.482421399
85,02:50:00,1422.375,30.9097187675
86,02:52:00,1419.5,31.482421399
87,02:54:00,1423.0,30.2843665468
88,02:56:00,1425.875,29.2986469702
89,02:58:00,1419.5,31.482421399
90,03:00:00,1426.25,30.9180945634
91,03:02:00,1419.5,31.482421399
92,03:04:00,1422.375,30.9097187675
93,03:06:00,1425.625,28.4049165764
94,03:08:00,1425.625,28.4049165764
95,03:10:00,1425.875,28.2258113891
96,03:12:00,1422.625,30.7753960169
97,03:14:00,1429.625,30.2179582368
98,03:16:00,1426.75,31.4631303501
99,03:18:00,1423.25,33.0745910244
100,03:20:00,1420.0,31.391536621
101,03:22:00,1420.0,31.391536621
102,03:24:00,1420.0,31.391536621
103,03:26:00,1420.0,31.391536621
104,03:28:00,1423.5,30.1235550928
105,03:30:00,1423.25,29.2318319645
106,03:32:00,1423.25,29.2318319645
107,03:34:00,1432.14285714,24.5793176704
108,03:36:00,1423.5,28.9037812652
109,03:38:00,1423.5,28.9037812652
110,03:40:00,1423.5,28.9037812652
111,03:42:00,1427.25,26.9112297325
112,03:44:00,1427.25,26.9112297325
113,03:46:00,1423.75,28.8481244748
114,03:48:00,1420.25,31.1161418835
115,03:50:00,1420.25,31.1161418835
116,03:52:00,1420.25,31.1161418835
117,03:54:00,1420.25,31.1161418835
118,03:56:00,1423.875,28.8267608804
119,03:58:00,1426.75,27.8041620728
120,04:00:00,1426.75,28.6543439738
121,04:02:00,1426.75,28.6543439738
122,04:04:00,1426.75,28.6543439738
123,04:06:00,1423.25,30.4149869073
124,04:08:00,1426.5,27.748873851
125,04:10:00,1423.625,28.7448753197
126,04:12:00,1427.125,30.3194303565
127,04:14:00,1423.875,32.8478635965
128,04:16:00,1420.375,30.9835785999
129,04:18:00,1423.875,28.8267608804
130,04:20:00,1423.25,30.4149869073
131,04:22:00,1420.375,30.9835785999
132,04:24:00,1423.625,28.7448753197
133,04:26:00,1423.625,28.7448753197
134,04:28:00,1427.25,30.3303242882
135,04:30:00,1424.0,28.8543138642
136,04:32:00,1420.5,31.0253352693
137,04:34:00,1411.85714286,20.6351526238
138,04:36:00,1420.5,31.0253352693
139,04:38:00,1424.0,32.8720463095
140,04:40:00,1426.875,31.9662210108
141,04:42:00,1423.375,30.444035306
142,04:44:00,1423.375,30.444035306
143,04:46:00,1424.0,32.8720463095
144,04:48:00,1420.5,31.0253352693
145,04:50:00,1424.0,29.674423812
146,04:52:00,1420.5,31.0253352693
147,04:54:00,1420.5,31.0253352693
148,04:56:00,1420.5,31.0253352693
149,04:58:00,1423.375,30.444035306
150,05:00:00,1426.75,27.8401046796
151,05:02:00,1422.75,28.8035216101
152,05:04:00,1421.125,29.6283527337
153,05:06:00,1420.375,30.2510330402
154,05:08:00,1416.375,29.71261156
155,05:10:00,1412.28571429,31.7107462632
156,05:12:00,1418.375,30.844946333
157,05:14:00,1415.125,31.9170241184
158,05:16:00,1421.375,31.5002834454
159,05:18:00,1420.375,26.8058495748
160,05:20:00,1420.375,26.9175327887
161,05:22:00,1414.25,32.5389876039
162,05:24:00,1417.0,34.5791018639
163,05:26:00,1419.0,32.941506601
164,05:28:00,1416.375,33.105621016
165,05:30:00,1415.375,33.3806509395
166,05:32:00,1418.125,32.8043442245
167,05:34:00,1415.0,32.0847093088
168,05:36:00,1417.625,22.5194360498
169,05:38:00,1414.0,27.2885812505
170,05:40:00,1411.125,26.7605119532
171,05:42:00,1414.5,27.7025011764
172,05:44:00,1415.625,29.3108341744
173,05:46:00,1414.5,26.6458251889
174,05:48:00,1421.125,28.45265491
175,05:50:00,1425.0,23.4581694573
176,05:52:00,1417.875,30.1303714832
177,05:54:00,1414.5,29.2672415607
178,05:56:00,1417.25,23.4261758357
179,05:58:00,1417.75,23.686946375
180,06:00:00,1413.125,26.2919732455
181,06:02:00,1413.625,27.6091987776
182,06:04:00,1409.75,28.358672143
183,06:06:00,1411.0,28.0611576994
184,06:08:00,1410.5,28.2691148985
185,06:10:00,1413.875,26.2103441957
186,06:12:00,1416.875,29.3619651931
187,06:14:00,1415.5,31.2043952948
188,06:16:00,1410.875,30.4416889901
189,06:18:00,1413.125,28.5928937225
190,06:20:00,1412.75,31.8467311622
191,06:22:00,1408.875,28.9947655374
192,06:24:00,1406.75,29.3829396565
193,06:26:00,1409.625,30.0235026985
194,06:28:00,1402.5,27.8465181204
195,06:30:00,1397.75,31.2627117003
196,06:32:00,1403.0,30.2702116657
197,06:34:00,1399.0,31.1218802223
198,06:36:00,1400.375,28.4752398711
199,06:38:00,1406.375,21.3871623711
200,06:40:00,1398.5,23.0960726408
201,06:42:00,1393.75,22.3782419838
202,06:44:00,1399.875,22.1967661737
203,06:46:00,1406.25,18.2502446168
204,06:48:00,1399.875,22.3443025656
205,06:50:00,1405.0,21.7321355206
206,06:52:00,1400.375,27.2288581157
207,06:54:00,1397.125,26.8191695834
208,06:56:00,1402.125,26.3462521054
209,06:58:00,1405.375,23.5550267611
210,07:00:00,1406.0,26.7474965451
211,07:02:00,1405.375,26.0983715967
212,07:04:00,1402.625,29.2180839305
213,07:06:00,1397.5,34.9244081656
214,07:08:00,1398.5,39.5943718944
215,07:10:00,1393.375,36.8740617314
216,07:12:00,1401.71428571,36.3442534922
217,07:14:00,1403.85714286,33.2587260301
218,07:16:00,1403.5,29.3403671221
219,07:18:00,1398.75,31.9049928918
220,07:20:00,1395.25,30.8718549584
221,07:22:00,1387.875,29.9067001571
222,07:24:00,1390.25,26.8208341193
223,07:26:00,1389.25,26.58006772
224,07:28:00,1384.125,26.3516738422
225,07:30:00,1392.125,23.1975214193
226,07:32:00,1388.5,22.8598212716
227,07:34:00,1385.25,24.7140792725
228,07:36:00,1389.875,24.4916166415
229,07:38:00,1394.5,21.6926584026
230,07:40:00,1392.875,22.6869219722
231,07:42:00,1388.125,28.5878970395
232,07:44:00,1390.875,32.572720839
233,07:46:00,1394.5,30.914628992
234,07:48:00,1383.5,32.7108544676
235,07:50:00,1383.25,32.8448734856
236,07:52:00,1382.25,32.7403202707
237,07:54:00,1384.125,27.5185002706
238,07:56:00,1384.5,26.1370016862
239,07:58:00,1385.28571429,32.7093986784
240,08:00:00,1384.625,27.385801848
241,08:02:00,1383.625,19.3090467324
242,08:04:00,1384.0,20.8258081647
243,08:06:00,1391.125,17.3076159949
244,08:08:00,1386.375,14.9564844991
245,08:10:00,1383.875,14.8558550266
246,08:12:00,1377.375,13.4900757173
247,08:14:00,1385.375,20.6808227247
248,08:16:00,1383.5,21.3072757527
249,08:18:00,1384.125,13.7574655058
250,08:20:00,1379.875,19.2014694378
251,08:22:00,1372.0,23.0465367711
252,08:24:00,1370.75,23.9150281503
253,08:26:00,1367.5,27.2554057548
254,08:28:00,1364.375,24.7036000847
255,08:30:00,1364.375,25.105136071
256,08:32:00,1355.625,31.581809864
257,08:34:00,1354.71428571,28.2766940884
258,08:36:00,1352.5,39.7851372105
259,08:38:00,1344.125,32.2952340579
260,08:40:00,1344.875,30.29114675
261,08:42:00,1350.125,30.5634585739
262,08:44:00,1348.5,37.5575748494
263,08:46:00,1347.125,33.630077949
264,08:48:00,1351.75,33.6611263711
265,08:50:00,1356.5,33.2307946683
266,08:52:00,1357.125,30.1919454727
267,08:54:00,1362.25,30.9642651178
268,08:56:00,1361.375,33.7763124943
269,08:58:00,1357.125,29.6187078912
270,09:00:00,1353.875,27.4457256625
271,09:02:00,1362.5,28.9432943134
272,09:04:00,1354.125,30.187213471
273,09:06:00,1354.0,31.1494095335
274,09:08:00,1351.875,37.1115596161
275,09:10:00,1353.5,32.7893711001
276,09:12:00,1352.375,31.2086869775
277,09:14:00,1351.625,30.8542078631
278,09:16:00,1348.75,35.8239744146
279,09:18:00,1352.125,39.6824448412
280,09:20:00,1351.375,37.5839536429
281,09:22:00,1346.25,30.1981550998
282,09:24:00,1346.0,29.1449579075
283,09:26:00,1354.5,28.5356919363
284,09:28:00,1346.75,35.2896180605
285,09:30:00,1339.25,37.2472434263
286,09:32:00,1347.28571429,32.8162271126
287,09:34:00,1343.625,30.3594536936
288,09:36:00,1345.0,34.1132567445
289,09:38:00,1336.875,33.4768043363
290,09:40:00,1332.75,27.1122007327
291,09:42:00,1331.75,25.4880924579
292,09:44:00,1324.625,31.7936988366
293,09:46:00,1323.375,34.0752842982
294,09:48:00,1324.875,38.5206345445
295,09:50:00,1326.625,32.2708957776
296,09:52:00,1323.375,22.2898920077
297,09:54:00,1320.375,23.2989116852
298,09:56:00,1324.875,24.1864040911
299,09:58:00,1320.625,21.9930995672
300,10:00:00,1324.125,21.4372006435
301,10:02:00,1336.125,24.2512886256
302,10:04:00,1336.5,21.5870331449
303,10:06:00,1338.75,21.9853847557
304,10:08:00,1331.5,20.1423505509
305,10:10:00,1341.75,21.3925888369
306,10:12:00,1343.125,10.5212370267
307,10:14:00,1336.25,17.8385617614
308,10:16:00,1341.125,22.7937178062
309,10:18:00,1334.25,24.9556749916
310,10:20:00,1328.75,33.4439830164
311,10:22:00,1325.375,33.7805417363
312,10:24:00,1325.25,37.98777999
313,10:26:00,1317.5,30.886890423
314,10:28:00,1313.625,37.898124718
315,10:30:00,1310.625,41.6651190189
316,10:32:00,1313.5,33.5218478863
317,10:34:00,1305.75,40.3405149057
318,10:36:00,1300.75,39.7626889002
319,10:38:00,1299.875,39.6356170995
320,10:40:00,1305.75,37.4194372715
321,10:42:00,1307.25,40.5418654867
322,10:44:00,1304.25,39.589861617
323,10:46:00,1310.375,31.7397339983
324,10:48:00,1312.875,26.1667045799
325,10:50:00,1308.125,20.420140618
326,10:52:00,1312.375,26.3055534604
327,10:54:00,1307.0,23.76071187
328,10:56:00,1305.375,27.2078638842
329,10:58:00,1304.75,33.3027240413
330,11:00:00,1301.625,32.7236808094
331,11:02:00,1301.125,28.5128417184
332,11:04:00,1309.125,32.1888956008
333,11:06:00,1309.0,36.7928564495
334,11:08:00,1313.375,31.9639864312
335,11:10:00,1312.5,20.5426385842
336,11:12:00,1310.0,24.2840335553
337,11:14:00,1310.25,27.7990236211
338,11:16:00,1315.25,27.8862485312
339,11:18:00,1309.5,21.9935055349
340,11:20:00,1310.125,28.4727313156
341,11:22:00,1304.25,24.7948727419
342,11:24:00,1305.0,24.7213037104
343,11:26:00,1305.25,24.3119606073
344,11:28:00,1304.125,23.8173856068
345,11:30:00,1296.5,19.1982142027
346,11:32:00,1299.5,19.316905993
347,11:34:00,1300.875,17.8039923292
348,11:36:00,1293.75,20.8720592454
349,11:38:00,1290.5,19.7556501864
350,11:40:00,1290.875,17.7557837659
351,11:42:00,1293.875,13.3784207909
352,11:44:00,1290.75,11.4361581961
353,11:46:00,1281.875,13.4423371692
354,11:48:00,1283.625,28.5303722874
355,11:50:00,1287.25,28.1412254784
356,11:52:00,1286.75,24.5284091849
357,11:54:00,1284.5,20.5773800915
358,11:56:00,1285.75,26.5854417734
359,11:58:00,1287.71428571,33.4101495842
360,12:00:00,1288.875,30.2108660679
361,12:02:00,1283.375,22.7215284949
362,12:04:00,1285.375,21.2934429881
363,12:06:00,1284.5,22.3031067663
364,12:08:00,1289.75,26.4507628839
365,12:10:00,1283.375,29.7414453487
366,12:12:00,1276.25,30.3491586139
367,12:14:00,1271.0,33.338094898
368,12:16:00,1273.125,32.215513122
369,12:18:00,1272.625,30.312361929
370,12:20:00,1270.75,31.7478908186
371,12:22:00,1271.25,26.6498458854
372,12:24:00,1273.625,35.5002515082
373,12:26:00,1270.5,33.7088373322
374,12:28:00,1272.5,32.7937276233
375,12:30:00,1276.375,33.7720827227
376,12:32:00,1269.875,38.727758594
377,12:34:00,1271.125,39.9014410767
378,12:36:00,1267.75,36.6946862638
379,12:38:00,1262.125,33.6640439808
380,12:40:00,1260.625,36.0116548594
381,12:42:00,1260.75,31.6532553054
382,12:44:00,1257.75,27.4837614394
383,12:46:00,1251.375,27.2131139605
384,12:48:00,1242.875,22.4781640074
385,12:50:00,1247.125,23.4364642628
386,12:52:00,1252.75,31.2215584859
387,12:54:00,1251.625,33.3421119393
388,12:56:00,1257.25,28.6493580083
389,12:58:00,1250.875,35.3692259296
390,13:00:00,1256.25,35.979160635
391,13:02:00,1262.75,34.9315657495
392,13:04:00,1258.875,40.5795074954
393,13:06:00,1254.375,36.146280188
394,13:08:00,1254.625,32.9889050613
395,13:10:00,1253.625,28.4200005027
396,13:12:00,1252.5,28.9383581329
397,13:14:00,1247.625,29.6259418175
398,13:16:00,1245.5,35.3593794386
399,13:18:00,1246.0,30.2324329157
400,13:20:00,1236.125,33.9219166406
401,13:22:00,1236.5,36.7889735033
402,13:24:00,1239.875,38.1442281723
403,13:26:00,1234.28571429,29.8033235603
404,13:28:00,1245.25,31.0839876096
405,13:30:00,1241.0,32.3948849578
406,13:32:00,1240.5,32.3065672227
407,13:34:00,1234.625,25.196017259
408,13:36:00,1237.125,25.6817750833
409,13:38:00,1231.875,31.1972411784
410,13:40:00,1232.375,27.2917439112
411,13:42:00,1233.625,33.1444349994
412,13:44:00,1225.42857143,27.3913437839
413,13:46:00,1216.25,24.8236638254
414,13:48:00,1217.625,22.6333350866
415,13:50:00,1214.0,21.718984454
416,13:52:00,1219.25,25.8111271686
417,13:54:00,1219.5,26.1479308113
418,13:56:00,1230.125,25.5031510658
419,13:58:00,1227.75,26.6819896452
420,14:00:00,1225.5,29.7369419121
421,14:02:00,1225.0,31.9284915307
422,14:04:00,1224.625,35.5846576089
423,14:06:00,1232.0,28.5807127773
424,14:08:00,1227.125,34.0228389678
425,14:10:00,1225.125,32.4804886487
426,14:12:00,1229.125,24.5673273155
427,14:14:00,1241.0,27.0449361513
428,14:16:00,1241.875,23.7453002869
429,14:18:00,1235.57142857,23.8107618726
430,14:20:00,1236.5,23.5554058096
431,14:22:00,1226.5,11.5758369028
432,14:24:00,1219.875,19.3939423532
433,14:26:00,1226.0,23.9880922841
434,14:28:00,1212.75,19.2409533473
435,14:30:00,1216.375,23.542893984
436,14:32:00,1218.125,22.8812930454
437,14:34:00,1221.875,19.4233842865
438,14:36:00,1219.5,19.6468827044
439,14:38:00,1220.75,24.1409551237
440,14:40:00,1227.625,23.2927793839
441,14:42:00,1223.5,20.6536057039
442,14:44:00,1226.5,25.0314088411
443,14:46:00,1230.625,34.7354800086
444,14:48:00,1228.75,36.4446743121
445,14:50:00,1227.5,32.6627791662
446,14:52:00,1226.25,30.2784694839
447,14:54:00,1234.125,25.6706474959
448,14:56:00,1230.0,28.9432943134
449,14:58:00,1230.625,32.7105815121
450,15:00:00,1226.75,33.9484903935
451,15:02:00,1217.125,27.8231019119
452,15:04:00,1227.5,30.0285578361
453,15:06:00,1228.0,29.7081037525
454,15:08:00,1228.875,30.1161442229
455,15:10:00,1230.375,31.0296517176
456,15:12:00,1227.375,24.4419867091
457,15:14:00,1232.375,18.6389568991
458,15:16:00,1244.125,19.5918168048
459,15:18:00,1237.25,25.2119586138
460,15:20:00,1232.75,18.0455772183
461,15:22:00,1236.625,19.6318800497
462,15:24:00,1228.875,18.0668401854
463,15:26:00,1238.25,21.0492619484
464,15:28:00,1229.42857143,23.6773952879
465,15:30:00,1232.625,26.4409719942
466,15:32:00,1241.125,20.1950312135
467,15:34:00,1232.625,13.7418807197
468,15:36:00,1238.375,17.9518204409
469,15:38:00,1236.25,22.9829129075
470,15:40:00,1228.75,23.0139709121
471,15:42:00,1225.625,20.9143662176
472,15:44:00,1228.0,17.6473389334
473,15:46:00,1224.25,11.3735281622
474,15:48:00,1226.875,13.8712189185
475,15:50:00,1227.625,24.3306831564
476,15:52:00,1228.0,22.0907220344
477,15:54:00,1229.0,24.4715578347
478,15:56:00,1232.875,32.4892839476
479,15:58:00,1232.375,31.2589987044
480,16:00:00,1227.125,27.5444446045
481,16:02:00,1234.125,19.577228025
482,16:04:00,1236.0,19.2353840617
483,16:06:00,1235.625,27.536663871
484,16:08:00,1237.14285714,24.5996515655
485,16:10:00,1232.625,22.1613402122
486,16:12:00,1238.125,24.3863984338
487,16:14:00,1237.875,29.8445376672
488,16:16:00,1237.125,31.4071761591
489,16:18:00,1235.5,36.6956595331
490,16:20:00,1236.125,34.8278931728
491,16:22:00,1227.625,30.2887885906
492,16:24:00,1235.0,18.5009652258
493,16:26:00,1236.625,16.6642260118
494,16:28:00,1237.25,23.0201774847
495,16:30:00,1231.625,26.7845237831
496,16:32:00,1234.75,28.6144319232
497,16:34:00,1234.125,22.8937764469
498,16:36:00,1234.25,26.6391226797
499,16:38:00,1235.375,25.002499875
500,16:40:00,1240.625,25.9060803674
501,16:42:00,1245.5,24.1187538176
502,16:44:00,1240.42857143,24.75787513
503,16:46:00,1242.25,14.7333441069
504,16:48:00,1248.5,14.8323969742
505,16:50:00,1245.125,13.4635751991
506,16:52:00,1248.5,13.3950950511
507,16:54:00,1250.625,18.9430537589
508,16:56:00,1251.5,24.383835395
509,16:58:00,1255.375,26.0764672235
510,17:00:00,1256.75,23.6688463114
511,17:02:00,1265.625,28.9923019339
512,17:04:00,1266.75,38.9239184637
513,17:06:00,1269.875,37.748935652
514,17:08:00,1259.375,29.7318371928
515,17:10:00,1258.625,21.0369572759
516,17:12:00,1258.25,27.2698158619
517,17:14:00,1264.75,30.3773882071
518,17:16:00,1271.57142857,21.3920323396
519,17:18:00,1268.125,27.9000128008
520,17:20:00,1265.625,21.6394976176
521,17:22:00,1265.625,23.6699779709
522,17:24:00,1267.375,34.8668385227
523,17:26:00,1268.125,28.7721964006
524,17:28:00,1258.375,34.6860923138
525,17:30:00,1260.25,27.6547593424
526,17:32:00,1261.875,35.6988895386
527,17:34:00,1258.875,32.3615181526
528,17:36:00,1254.5,33.3937547626
529,17:38:00,1256.5,35.7051416866
530,17:40:00,1252.75,34.2042186203
531,17:42:00,1256.5,34.0335968461
532,17:44:00,1246.75,25.5664400561
533,17:46:00,1251.0,24.2781500825
534,17:48:00,1256.75,29.4072391476
535,17:50:00,1259.625,34.1715733991
536,17:52:00,1257.375,30.9004738752
537,17:54:00,1258.25,25.4432140827
538,17:56:00,1261.25,26.0370614976
539,17:58:00,1259.5,31.0575502667
540,18:00:00,1263.375,27.3440382638
541,18:02:00,1266.375,26.5165042945
542,18:04:00,1265.625,22.4495466069
543,18:06:00,1264.0,20.4450483003
544,18:08:00,1271.625,26.0380902306
545,18:10:00,1281.375,24.6862454473
546,18:12:00,1270.71428571,26.4178871582
547,18:14:00,1271.25,26.8846743385
548,18:16:00,1273.75,26.4129297342
549,18:18:00,1265.625,31.5093523531
550,18:20:00,1266.375,32.5924509226
551,18:22:00,1270.125,32.2421086691
552,18:24:00,1273.125,31.3069481106
553,18:26:00,1273.625,29.6644929648
554,18:28:00,1267.5,32.4389536558
555,18:30:00,1265.0,33.0799896355
556,18:32:00,1267.75,30.9411884526
557,18:34:00,1272.25,28.9025456121
558,18:36:00,1285.625,35.213380168
559,18:38:00,1281.75,24.1882498038
560,18:40:00,1284.125,30.1493307199
561,18:42:00,1289.375,36.0711103239
562,18:44:00,1291.375,27.6815436192
563,18:46:00,1292.125,25.8702117723
564,18:48:00,1291.25,18.7673729039
565,18:50:00,1288.57142857,23.22252601
566,18:52:00,1285.625,21.59985119
567,18:54:00,1283.875,23.6367601116
568,18:56:00,1281.625,25.8729726604
569,18:58:00,1285.25,28.6144319232
570,19:00:00,1275.75,23.9627687406
571,19:02:00,1283.875,26.8723835936
572,19:04:00,1279.75,25.4880924579
573,19:06:00,1274.75,25.2742104582
574,19:08:00,1280.0,29.2965136882
575,19:10:00,1275.5,29.5248079708
576,19:12:00,1277.5,32.3772406836
577,19:14:00,1286.125,31.3160730069
578,19:16:00,1291.375,15.9188791781
579,19:18:00,1284.625,17.4432754133
580,19:20:00,1290.0,22.5007936368
581,19:22:00,1290.375,26.9970236455
582,19:24:00,1284.125,28.6028844699
583,19:26:00,1284.75,22.9891278651
584,19:28:00,1292.25,30.3114782597
585,19:30:00,1293.875,28.2864808698
586,19:32:00,1294.0,21.5671708192
587,19:34:00,1288.375,30.5984943607
588,19:36:00,1282.75,27.752734743
589,19:38:00,1286.0,26.2515305676
590,19:40:00,1285.0,15.0332963784
591,19:42:00,1288.625,14.9373692463
592,19:44:00,1294.875,30.2769950387
593,19:46:00,1303.5,29.1939328335
594,19:48:00,1300.75,29.6587736959
595,19:50:00,1305.125,29.5317625617
596,19:52:00,1302.375,23.5974423554
597,19:54:00,1301.75,28.8035216101
598,19:56:00,1298.25,24.0817061569
599,19:58:00,1304.375,24.5061945522
600,20:00:00,1306.375,20.4795193861
601,20:02:00,1312.125,17.2248781874
602,20:04:00,1319.25,16.8925173629
603,20:06:00,1325.5,23.3605283698
604,20:08:00,1330.625,21.5336116007
605,20:10:00,1324.375,21.9019731662
606,20:12:00,1319.625,17.3529536391
607,20:14:00,1324.375,20.6808227247
608,20:16:00,1323.75,22.7643204536
609,20:18:00,1325.125,22.9187228515
610,20:20:00,1331.25,29.0750261024
611,20:22:00,1319.375,27.0868312759
612,20:24:00,1320.75,22.5879234485
613,20:26:00,1324.125,16.8814141249
614,20:28:00,1331.375,20.9825607861
615,20:30:00,1329.625,20.6462552814
616,20:32:00,1327.125,12.57477634
617,20:34:00,1330.75,15.3599665178
618,20:36:00,1340.875,17.4145874813
619,20:38:00,1341.75,13.6878465383
620,20:40:00,1340.625,15.747448773
621,20:42:00,1342.125,19.9459089969
622,20:44:00,1337.0,18.9962402295
623,20:46:00,1340.625,26.2239666826
624,20:48:00,1340.0,18.5009652258
625,20:50:00,1340.25,18.2424152536
626,20:52:00,1340.125,17.5860131111
627,20:54:00,1336.625,20.6877292823
628,20:56:00,1337.0,21.7518472122
629,20:58:00,1331.375,24.4244461847
630,21:00:00,1340.125,26.9520076114
631,21:02:00,1343.125,24.3277472388
632,21:04:00,1337.5,19.8350339407
633,21:06:00,1341.5,22.3351100928
634,21:08:00,1350.25,28.7240566176
635,21:10:00,1354.375,27.0710045199
636,21:12:00,1354.875,27.9153695505
637,21:14:00,1350.375,25.4442668255
638,21:16:00,1346.875,18.0272611025
639,21:18:00,1346.5,24.029743474
640,21:20:00,1347.625,24.6572939078
641,21:22:00,1358.625,21.185827473
642,21:24:00,1353.625,11.0574796922
643,21:26:00,1350.75,8.01338166533
644,21:28:00,1358.0,14.599412904
645,21:30:00,1363.875,10.5483580307
646,21:32:00,1363.25,11.1066260789
647,21:34:00,1357.75,18.9340962288
648,21:36:00,1354.625,17.9677290083
649,21:38:00,1351.875,14.951707977
650,21:40:00,1355.25,17.2025745581
651,21:42:00,1355.5,10.7304639761
652,21:44:00,1355.0,11.8200797677
653,21:46:00,1355.125,14.0146606911
654,21:48:00,1360.5,17.4928556845
655,21:50:00,1357.125,24.9023091299
656,21:52:00,1344.0,18.1422947044
657,21:54:00,1347.125,23.7693530172
658,21:56:00,1351.875,27.8025564087
659,21:58:00,1352.875,25.1307296239
660,22:00:00,1354.125,26.0956345556
661,22:02:00,1356.125,22.2032011849
662,22:04:00,1357.0,26.83281573
663,22:06:00,1354.25,21.1778185845
664,22:08:00,1357.5,20.7019667803
665,22:10:00,1352.0,19.42752098
666,22:12:00,1354.25,22.4292538568
667,22:14:00,1352.875,25.1477775218
668,22:16:00,1351.75,25.7834387599
669,22:18:00,1353.0,31.3262403319
670,22:20:00,1361.0,23.4946802489
671,22:22:00,1363.125,18.3726310426
672,22:24:00,1362.875,24.4273704801
673,22:26:00,1358.875,23.7693530172
674,22:28:00,1361.375,25.7623063519
675,22:30:00,1360.125,24.0620477694
676,22:32:00,1356.5,19.8566289759
677,22:34:00,1367.5,21.6465107713
678,22:36:00,1366.14285714,17.9947082168
679,22:38:00,1358.0,22.9844668045
680,22:40:00,1351.0,18.1567251085
681,22:42:00,1356.125,20.286783171
682,22:44:00,1359.75,18.6910979575
683,22:46:00,1356.375,17.7839213095
684,22:48:00,1364.625,22.2192805593
685,22:50:00,1362.375,15.3244668982
686,22:52:00,1372.0,17.0126003723
687,22:54:00,1368.625,21.2934429881
688,22:56:00,1366.25,20.3171285935
689,22:58:00,1369.125,19.6936356652
690,23:00:00,1363.25,16.9431823626
691,23:02:00,1367.57142857,17.2419753592
692,23:04:00,1363.875,12.8667622745
693,23:06:00,1367.375,10.5280238276
694,23:08:00,1377.375,11.963486114
695,23:10:00,1370.5,13.9078600593
696,23:12:00,1362.25,14.1799657465
697,23:14:00,1358.875,12.6427562546
698,23:16:00,1358.75,16.1753781144
699,23:18:00,1363.375,23.2743727858
700,23:20:00,1359.25,16.3510593803
701,23:22:00,1362.125,23.6428031937
702,23:24:00,1366.875,18.0905460709
703,23:26:00,1363.25,13.5514891116
704,23:28:00,1360.25,18.6528435213
705,23:30:00,1363.75,12.1625890101
706,23:32:00,1364.5,17.2626765016
707,23:34:00,1367.125,17.8920373351
708,23:36:00,1372.75,17.8064996159
709,23:38:00,1370.125,15.624499992
710,23:40:00,1363.625,14.461154864
711,23:42:00,1378.875,20.815087248
712,23:44:00,1372.125,21.4105281179
713,23:46:00,1369.0,22.0259587111
714,23:48:00,1364.75,17.2688820053
715,23:50:00,1365.25,16.662618556
716,23:52:00,1365.5,21.3875798404
717,23:54:00,1371.25,27.5823442493
718,23:56:00,1373.0,25.2925737266
719,23:58:00,1372.75,25.7557205851
