,time,mean,std
0,00:00:00,1373.82352941,16.9493189174
1,00:02:00,1372.0,17.2880016196
2,00:04:00,1372.58823529,13.8114935087
3,00:06:00,1371.94117647,15.1057546495
4,00:08:00,1370.23529412,14.5839355618
5,00:10:00,1372.0,13.5508302329
6,00:12:00,1376.52941176,13.6341375188
7,00:14:00,1374.82352941,14.2400636152
8,00:16:00,1374.0,11.9843648142
9,00:18:00,1376.52941176,10.6425892471
10,00:20:00,1376.88235294,9.62991662049
11,00:22:00,1374.52941176,13.0724789494
12,00:24:00,1378.29411765,12.9120326918
13,00:26:00,1379.41176471,15.9219142361
14,00:28:00,1375.35294118,12.4796893815
15,00:30:00,1374.88235294,13.7198868114
16,00:32:00,1375.82352941,14.0411684615
17,00:34:00,1379.23529412,16.0176832429
18,00:36:00,1379.05882353,12.8280483133
19,00:38:00,1382.52941176,11.0347046124
20,00:40:00,1383.94117647,13.4372178493
21,00:42:00,1385.47058824,13.0724789494
22,00:44:00,1387.29411765,12.633114748
23,00:46:00,1388.1875,11.8839878268
24,00:48:00,1392.29411765,12.5835443431
25,00:50:00,1391.17647059,13.776044852
26,00:52:00,1390.0,12.5449192903
27,00:54:00,1391.76470588,13.9755563922
28,00:56:00,1394.88235294,14.6581135934
29,00:58:00,1393.94117647,12.3261439035
30,01:00:00,1394.17647059,8.97381812634
31,01:02:00,1391.11764706,14.2867174018
32,01:04:00,1394.70588235,15.0530923147
33,01:06:00,1396.41176471,13.5925476987
34,01:08:00,1393.47058824,10.2048863728
35,01:10:00,1391.70588235,14.2204285532
36,01:12:00,1391.70588235,14.2204285532
37,01:14:00,1393.29411765,15.3816640269
38,01:16:00,1391.94117647,13.2404238425
39,01:18:00,1392.5625,13.4162525816
40,01:20:00,1395.29411765,13.4059907592
41,01:22:00,1394.82352941,11.6792299303
42,01:24:00,1395.9375,9.45493698199
43,01:26:00,1393.35294118,12.0930826119
44,01:28:00,1395.05882353,11.7125498304
45,01:30:00,1398.17647059,15.8083652464
46,01:32:00,1396.76470588,17.0643246708
47,01:34:00,1396.70588235,14.9238261929
48,01:36:00,1396.76470588,14.8976903066
49,01:38:00,1393.88235294,11.9576458435
50,01:40:00,1392.0625,11.0421540773
51,01:42:00,1389.82352941,11.9803761112
52,01:44:00,1393.23529412,11.5408481695
53,01:46:00,1392.94117647,11.4699094822
54,01:48:00,1393.35294118,11.2524507135
55,01:50:00,1392.29411765,12.6232162397
56,01:52:00,1395.52941176,16.4890783818
57,01:54:00,1390.76470588,12.2348345502
58,01:56:00,1390.76470588,12.2348345502
59,01:58:00,1394.0,13.3276029353
60,02:00:00,1392.6875,13.636806811
61,02:02:00,1390.94117647,12.3565295908
62,02:04:00,1393.625,15.8571750321
63,02:06:00,1395.41176471,14.9208697113
64,02:08:00,1396.11764706,15.5719393178
65,02:10:00,1396.23529412,11.5083090187
66,02:12:00,1393.29411765,10.5638813054
67,02:14:00,1393.58823529,13.6613452098
68,02:16:00,1395.11764706,17.0766007776
69,02:18:00,1391.70588235,11.9987744472
70,02:20:00,1393.35294118,12.7717519182
71,02:22:00,1391.8125,12.351619327
72,02:24:00,1394.64705882,9.14426853602
73,02:26:00,1393.05882353,11.0988208171
74,02:28:00,1395.76470588,13.4281858965
75,02:30:00,1395.58823529,17.8957356077
76,02:32:00,1392.58823529,16.3861939736
77,02:34:00,1393.9375,15.9184117717
78,02:36:00,1392.58823529,16.3861939736
79,02:38:00,1392.58823529,16.3861939736
80,02:40:00,1394.41176471,13.2479188155
81,02:42:00,1395.94117647,15.4696096761
82,02:44:00,1394.82352941,16.4439779787
83,02:46:00,1393.35294118,12.761960941
84,02:48:00,1396.58823529,12.3746657709
85,02:50:00,1394.94117647,14.0644524788
86,02:52:00,1396.64705882,12.8010799177
87,02:54:00,1393.94117647,11.0140284878
88,02:56:00,1393.94117647,11.0140284878
89,02:58:00,1393.94117647,14.4502188056
90,03:00:00,1393.94117647,14.4502188056
91,03:02:00,1395.23529412,15.0894392365
92,03:04:00,1396.88235294,13.8739069522
93,03:06:00,1395.17647059,9.05700898557
94,03:08:00,1393.0,13.8699315067
95,03:10:00,1393.0,13.8699315067
96,03:12:00,1395.41176471,12.047088982
97,03:14:00,1393.76470588,11.1441094965
98,03:16:00,1393.70588235,16.220221584
99,03:18:00,1392.47058824,12.2989717409
100,03:20:00,1391.875,12.4465524008
101,03:22:00,1396.0,14.9080515159
102,03:24:00,1395.11764706,14.2692079008
103,03:26:00,1396.76470588,12.9929279406
104,03:28:00,1395.17647059,12.4510807469
105,03:30:00,1396.5625,16.6491991799
106,03:32:00,1398.29411765,17.5312745753
107,03:34:00,1396.64705882,14.4046050643
108,03:36:00,1395.0,15.8863148653
109,03:38:00,1393.52941176,11.9274769286
110,03:40:00,1396.58823529,17.5714926213
111,03:42:00,1395.11764706,14.2692079008
112,03:44:00,1395.0,14.7286568747
113,03:46:00,1396.05882353,16.7461584708
114,03:48:00,1395.94117647,14.4761467086
115,03:50:00,1395.88235294,16.9443292614
116,03:52:00,1395.88235294,16.9443292614
117,03:54:00,1393.5,17.6748408762
118,03:56:00,1392.125,17.1070161045
119,03:58:00,1394.0,13.332291626
120,04:00:00,1394.0,13.332291626
121,04:02:00,1392.64705882,13.2850535211
122,04:04:00,1394.29411765,12.2615491776
123,04:06:00,1395.76470588,15.5985953365
124,04:08:00,1395.41176471,15.588693112
125,04:10:00,1393.94117647,11.5837741488
126,04:12:00,1393.94117647,11.5837741488
127,04:14:00,1393.11764706,12.9077610033
128,04:16:00,1394.58823529,16.6735524991
129,04:18:00,1396.11764706,14.8739804396
130,04:20:00,1396.11764706,14.8739804396
131,04:22:00,1392.88235294,14.4563236723
132,04:24:00,1394.94117647,16.2998105366
133,04:26:00,1397.88235294,18.275264543
134,04:28:00,1398.05882353,13.9125419507
135,04:30:00,1394.17647059,10.9842802115
136,04:32:00,1394.76470588,12.4324646177
137,04:34:00,1396.52941176,16.1520805435
138,04:36:00,1395.05882353,13.4511643931
139,04:38:00,1395.05882353,13.4511643931
140,04:40:00,1393.47058824,11.9588756111
141,04:42:00,1398.29411765,16.4307817293
142,04:44:00,1399.94117647,14.6136519573
143,04:46:00,1398.58823529,12.6246723895
144,04:48:00,1398.58823529,12.6246723895
145,04:50:00,1397.0,12.5847129487
146,04:52:00,1395.41176471,10.1677112932
147,04:54:00,1397.0,12.5847129487
148,04:56:00,1395.35294118,14.3000925542
149,04:58:00,1395.35294118,14.3000925542
150,05:00:00,1401.11764706,20.3312639577
151,05:02:00,1400.41176471,20.4940809245
152,05:04:00,1393.41176471,13.8882091337
153,05:06:00,1394.70588235,18.8638699167
154,05:08:00,1393.88235294,17.8566596573
155,05:10:00,1390.94117647,13.4465171524
156,05:12:00,1393.88235294,16.8370215334
157,05:14:00,1392.41176471,16.1634573326
158,05:16:00,1390.76470588,14.3332193338
159,05:18:00,1393.17647059,11.6631647405
160,05:20:00,1394.70588235,11.4769590151
161,05:22:00,1390.0,14.6926852549
162,05:24:00,1389.29411765,16.4915308033
163,05:26:00,1389.29411765,18.0511935405
164,05:28:00,1390.23529412,17.3872417729
165,05:30:00,1394.76470588,18.1367355517
166,05:32:00,1392.82352941,19.5039588742
167,05:34:00,1393.29411765,19.6079215685
168,05:36:00,1387.73333333,19.3260248912
169,05:38:00,1390.35294118,19.4580997803
170,05:40:00,1389.41176471,20.7637268558
171,05:42:00,1390.35294118,20.2544475871
172,05:44:00,1388.35294118,19.6052964032
173,05:46:00,1388.47058824,17.1505016219
174,05:48:00,1386.29411765,16.2625517135
175,05:50:00,1384.76470588,16.3612706252
176,05:52:00,1383.94117647,18.0640201375
177,05:54:00,1381.41176471,16.937601747
178,05:56:00,1383.11764706,14.8655741267
179,05:58:00,1385.29411765,14.9572921425
180,06:00:00,1384.88235294,17.9926455564
181,06:02:00,1384.82352941,17.6678921144
182,06:04:00,1384.375,21.2128105949
183,06:06:00,1380.52941176,17.4396016549
184,06:08:00,1378.29411765,19.7603286469
185,06:10:00,1380.5625,19.4763745771
186,06:12:00,1379.88235294,16.9848548454
187,06:14:00,1378.70588235,18.1857248477
188,06:16:00,1370.70588235,23.876674564
189,06:18:00,1365.05882353,17.8026352973
190,06:20:00,1355.88235294,15.9212215021
191,06:22:00,1354.94117647,19.9169230437
192,06:24:00,1355.29411765,20.3278279271
193,06:26:00,1351.94117647,21.0756689936
194,06:28:00,1353.47058824,18.9872248073
195,06:30:00,1351.17647059,21.2080034837
196,06:32:00,1346.35294118,25.6927547581
197,06:34:00,1342.17647059,20.4121143384
198,06:36:00,1339.82352941,20.688871689
199,06:38:00,1333.47058824,20.6310374408
200,06:40:00,1337.17647059,21.9836168945
201,06:42:00,1331.88235294,20.9579410753
202,06:44:00,1322.41176471,24.4924958496
203,06:46:00,1320.70588235,23.2453347628
204,06:48:00,1317.58823529,21.9119226208
205,06:50:00,1319.41176471,24.3080717652
206,06:52:00,1313.94117647,22.9468695802
207,06:54:00,1311.17647059,29.0973265398
208,06:56:00,1305.17647059,28.1119087179
209,06:58:00,1303.47058824,23.8461675303
210,07:00:00,1303.11764706,23.6798499598
211,07:02:00,1302.0,22.0605228104
212,07:04:00,1303.58823529,17.9166780666
213,07:06:00,1305.58823529,18.8979457334
214,07:08:00,1298.05882353,24.9761651085
215,07:10:00,1293.64705882,28.3216815719
216,07:12:00,1285.58823529,26.4103644985
217,07:14:00,1282.5,26.9493351804
218,07:16:00,1279.64705882,30.2509115079
219,07:18:00,1280.52941176,29.4917735289
220,07:20:00,1281.05882353,27.1626365349
221,07:22:00,1276.64705882,28.1423639209
222,07:24:00,1265.23529412,31.3080049903
223,07:26:00,1265.23529412,29.5434624997
224,07:28:00,1261.29411765,33.5778288196
225,07:30:00,1255.41176471,24.7539361101
226,07:32:00,1253.58823529,30.6778805158
227,07:34:00,1247.88235294,31.1486001952
228,07:36:00,1238.94117647,32.0028721138
229,07:38:00,1230.05882353,36.0597951121
230,07:40:00,1216.76470588,33.4655222053
231,07:42:00,1205.52941176,34.9215507371
232,07:44:00,1190.11764706,42.9401943884
233,07:46:00,1178.82352941,42.5826186579
234,07:48:00,1164.11764706,42.7183835616
235,07:50:00,1161.52941176,42.1590999178
236,07:52:00,1155.17647059,40.9271231797
237,07:54:00,1149.17647059,40.8522265215
238,07:56:00,1140.82352941,45.1265377773
239,07:58:00,1140.76470588,49.799007786
240,08:00:00,1133.58823529,48.1677522098
241,08:02:00,1127.5625,52.3487901802
242,08:04:00,1126.88235294,49.8558952795
243,08:06:00,1120.0,44.9332838773
244,08:08:00,1116.58823529,46.9641603027
245,08:10:00,1104.70588235,43.1722780061
246,08:12:00,1094.23529412,48.6486503047
247,08:14:00,1083.17647059,59.2781950785
248,08:16:00,1071.82352941,62.5222313403
249,08:18:00,1053.76470588,65.5720304434
250,08:20:00,1033.88235294,71.8182448555
251,08:22:00,1023.41176471,70.5363902744
252,08:24:00,1009.82352941,69.4840227086
253,08:26:00,999.625,68.7545150033
254,08:28:00,998.8125,62.136643778
255,08:30:00,982.352941176,68.9627990083
256,08:32:00,962.823529412,70.6498719869
257,08:34:00,942.705882353,70.0881272987
258,08:36:00,928.941176471,67.7158314099
259,08:38:00,924.375,70.2707857743
260,08:40:00,907.117647059,65.6495262292
261,08:42:00,893.470588235,64.4467974835
262,08:44:00,882.352941176,64.6151502905
263,08:46:00,874.941176471,70.0718119041
264,08:48:00,864.823529412,74.3650079793
265,08:50:00,865.176470588,66.2827610451
266,08:52:00,870.352941176,62.848966953
267,08:54:00,886.588235294,61.0215728488
268,08:56:00,905.647058824,57.5455701775
269,08:58:00,925.529411765,61.3179395111
270,09:00:00,950.529411765,54.4289877352
271,09:02:00,977.470588235,49.3192630306
272,09:04:00,1014.0,54.8896620503
273,09:06:00,1041.23529412,47.999387251
274,09:08:00,1065.35294118,57.8802008208
275,09:10:00,1080.58823529,63.4252107047
276,09:12:00,1095.82352941,61.7092327919
277,09:14:00,1106.0,60.7926804805
278,09:16:00,1118.23529412,67.4967864159
279,09:18:00,1122.47058824,66.9403817279
280,09:20:00,1134.76470588,63.1966468768
281,09:22:00,1150.35294118,60.2639415161
282,09:24:00,1160.05882353,57.2696151858
283,09:26:00,1164.23529412,59.9359339334
284,09:28:00,1170.94117647,63.2341586765
285,09:30:00,1177.05882353,61.7246613885
286,09:32:00,1196.0625,37.0431617621
287,09:34:00,1197.23529412,62.0579662612
288,09:36:00,1201.88235294,59.7190111616
289,09:38:00,1201.35294118,59.5902059659
290,09:40:00,1204.35294118,60.6969327648
291,09:42:00,1204.47058824,60.7814914746
292,09:44:00,1215.47058824,33.5784857592
293,09:46:00,1216.94117647,24.4705705599
294,09:48:00,1213.25,23.2651384407
295,09:50:00,1217.41176471,23.7698833178
296,09:52:00,1216.58823529,22.8802830608
297,09:54:00,1220.5,21.3978192035
298,09:56:00,1220.52941176,24.9652699942
299,09:58:00,1226.29411765,28.3323240881
300,10:00:00,1232.05882353,31.3796721387
301,10:02:00,1234.76470588,27.7568221609
302,10:04:00,1241.82352941,22.6584291548
303,10:06:00,1246.82352941,24.9505393081
304,10:08:00,1249.88235294,23.3556266051
305,10:10:00,1251.82352941,24.5795527169
306,10:12:00,1256.29411765,25.2481798995
307,10:14:00,1257.29411765,25.9826016449
308,10:16:00,1256.35294118,24.8343038368
309,10:18:00,1257.41176471,27.1938844769
310,10:20:00,1258.94117647,27.0935199546
311,10:22:00,1261.94117647,26.2737287709
312,10:24:00,1265.0,25.4066920318
313,10:26:00,1265.76470588,24.0274046969
314,10:28:00,1266.70588235,23.5418900736
315,10:30:00,1265.70588235,22.3628170908
316,10:32:00,1267.52941176,20.8270186508
317,10:34:00,1265.35294118,18.7714583093
318,10:36:00,1264.76470588,18.756763486
319,10:38:00,1263.9375,20.0514962035
320,10:40:00,1260.58823529,21.6305883633
321,10:42:00,1258.94117647,21.1171452505
322,10:44:00,1254.35294118,21.3305566514
323,10:46:00,1254.23529412,23.1558022204
324,10:48:00,1252.47058824,20.0658841291
325,10:50:00,1250.05882353,22.4735138225
326,10:52:00,1251.64705882,21.8229843756
327,10:54:00,1250.11764706,23.3743512021
328,10:56:00,1256.0,22.9128784748
329,10:58:00,1256.5625,21.3852558242
330,11:00:00,1258.11764706,23.2079791046
331,11:02:00,1258.58823529,25.340330561
332,11:04:00,1258.88235294,25.4113221639
333,11:06:00,1257.23529412,24.1803882614
334,11:08:00,1258.11764706,23.1270468093
335,11:10:00,1260.0,22.082232677
336,11:12:00,1263.75,20.0116632659
337,11:14:00,1260.88235294,17.0216125593
338,11:16:00,1257.8125,16.75
339,11:18:00,1260.5,18.0812978885
340,11:20:00,1263.23529412,19.2728092522
341,11:22:00,1261.82352941,19.9350046843
342,11:24:00,1258.41176471,17.0626010016
343,11:26:00,1257.1875,16.6702079571
344,11:28:00,1260.625,19.1446250072
345,11:30:00,1261.05882353,20.3699244851
346,11:32:00,1263.29411765,19.8644302268
347,11:34:00,1260.52941176,18.8981402758
348,11:36:00,1262.11764706,19.1796844113
349,11:38:00,1262.05882353,20.8580637531
350,11:40:00,1259.94117647,20.0264530941
351,11:42:00,1257.5,19.5993197161
352,11:44:00,1256.64705882,19.6435141219
353,11:46:00,1250.70588235,21.4177633808
354,11:48:00,1251.05882353,19.995220017
355,11:50:00,1246.58823529,21.3221094862
356,11:52:00,1246.70588235,21.4148450435
357,11:54:00,1245.82352941,22.2969596978
358,11:56:00,1246.76470588,21.6925373451
359,11:58:00,1247.35294118,17.0218285463
360,12:00:00,1248.76470588,17.7747342166
361,12:02:00,1250.41176471,18.9903226129
362,12:04:00,1250.58823529,19.4905708726
363,12:06:00,1248.41176471,17.6247653301
364,12:08:00,1243.875,18.9907872401
365,12:10:00,1243.58823529,18.2621836849
366,12:12:00,1241.35294118,19.8429495554
367,12:14:00,1235.11764706,22.7208119159
368,12:16:00,1229.47058824,25.0452531607
369,12:18:00,1224.17647059,28.1785274946
370,12:20:00,1221.35294118,27.7171904611
371,12:22:00,1213.47058824,27.9018763864
372,12:24:00,1207.05882353,29.0505391263
373,12:26:00,1201.23529412,27.0890416307
374,12:28:00,1203.0625,22.1884917619
375,12:30:00,1191.88235294,28.0577136295
376,12:32:00,1188.88235294,30.1866741149
377,12:34:00,1183.11764706,27.9035892694
378,12:36:00,1173.58823529,27.670062395
379,12:38:00,1169.17647059,33.5228192693
380,12:40:00,1158.41176471,34.4420869423
381,12:42:00,1150.5625,33.2965839089
382,12:44:00,1151.88235294,36.9135516324
383,12:46:00,1150.64705882,32.8651433446
384,12:48:00,1143.5,33.1923686008
385,12:50:00,1143.47058824,38.5488612787
386,12:52:00,1139.05882353,39.963218383
387,12:54:00,1141.0,39.3954312072
388,12:56:00,1138.70588235,37.7090252889
389,12:58:00,1138.29411765,37.3810859692
390,13:00:00,1137.0,35.5422284051
391,13:02:00,1129.05882353,33.6757898724
392,13:04:00,1134.88235294,33.4269396463
393,13:06:00,1133.8125,37.10025831
394,13:08:00,1130.82352941,37.1218185406
395,13:10:00,1126.35294118,37.4415230334
396,13:12:00,1118.0625,35.4070967463
397,13:14:00,1116.70588235,33.8263298073
398,13:16:00,1118.23529412,32.0537232856
399,13:18:00,1116.94117647,32.7098429151
400,13:20:00,1118.41176471,30.7104599923
401,13:22:00,1119.0,30.3706272573
402,13:24:00,1120.76470588,29.0399066195
403,13:26:00,1122.70588235,28.2284535219
404,13:28:00,1128.76470588,32.1549557062
405,13:30:00,1129.88235294,30.3312593559
406,13:32:00,1131.82352941,33.0893398508
407,13:34:00,1141.70588235,37.1967147506
408,13:36:00,1145.64705882,37.0792077458
409,13:38:00,1147.0,31.0302271987
410,13:40:00,1144.88235294,30.4505384865
411,13:42:00,1142.70588235,29.3423003228
412,13:44:00,1145.64705882,24.6980292141
413,13:46:00,1146.29411765,25.5875084413
414,13:48:00,1144.94117647,24.7170755457
415,13:50:00,1153.5625,22.2559917026
416,13:52:00,1154.88235294,24.9696875054
417,13:54:00,1159.23529412,23.1017569996
418,13:56:00,1166.58823529,21.1750408014
419,13:58:00,1172.11764706,24.86936457
420,14:00:00,1177.0,27.9419040153
421,14:02:00,1179.17647059,24.610046968
422,14:04:00,1190.6875,25.8139981405
423,14:06:00,1192.64705882,26.8861980774
424,14:08:00,1196.35294118,24.6219951884
425,14:10:00,1203.3125,20.5773945549
426,14:12:00,1203.05882353,21.7240379195
427,14:14:00,1204.64705882,24.441105684
428,14:16:00,1210.94117647,23.0338625404
429,14:18:00,1212.11764706,21.8113569985
430,14:20:00,1215.35294118,25.2436654838
431,14:22:00,1220.35294118,20.5211512118
432,14:24:00,1220.88235294,20.6060742044
433,14:26:00,1222.29411765,21.0913628824
434,14:28:00,1224.35294118,24.9372742508
435,14:30:00,1226.47058824,27.5229850467
436,14:32:00,1229.05882353,26.1855651749
437,14:34:00,1232.82352941,25.978922452
438,14:36:00,1238.29411765,25.2209355147
439,14:38:00,1237.76470588,24.8559082809
440,14:40:00,1245.375,25.7963175667
441,14:42:00,1245.11764706,30.7913996778
442,14:44:00,1241.35294118,32.4710278103
443,14:46:00,1239.23529412,30.1900840752
444,14:48:00,1238.76470588,26.5742577784
445,14:50:00,1237.82352941,28.8947125226
446,14:52:00,1241.47058824,29.6587205706
447,14:54:00,1241.88235294,29.4339989488
448,14:56:00,1243.76470588,28.2035667331
449,14:58:00,1247.17647059,26.718989722
450,15:00:00,1247.58823529,27.4705724902
451,15:02:00,1247.41176471,29.6628109413
452,15:04:00,1249.05882353,28.5382869761
453,15:06:00,1249.11764706,26.6032947982
454,15:08:00,1247.70588235,23.188803079
455,15:10:00,1248.29411765,18.6170778651
456,15:12:00,1247.47058824,22.3665979953
457,15:14:00,1247.76470588,25.1757060769
458,15:16:00,1242.41176471,26.275128029
459,15:18:00,1241.64705882,26.2772267764
460,15:20:00,1241.52941176,26.6437554763
461,15:22:00,1241.88235294,29.4297518528
462,15:24:00,1243.94117647,27.9384828423
463,15:26:00,1245.82352941,28.7298522754
464,15:28:00,1244.17647059,30.6374674502
465,15:30:00,1244.125,31.2641967752
466,15:32:00,1245.11764706,30.7528095321
467,15:34:00,1246.05882353,29.3821174106
468,15:36:00,1245.41176471,30.7348719363
469,15:38:00,1239.17647059,30.8367380208
470,15:40:00,1237.29411765,33.346222998
471,15:42:00,1234.52941176,32.724451193
472,15:44:00,1229.17647059,31.1653559544
473,15:46:00,1227.82352941,28.1007902338
474,15:48:00,1225.76470588,27.7185168519
475,15:50:00,1224.23529412,30.4066798002
476,15:52:00,1223.9375,29.3994756189
477,15:54:00,1223.41176471,23.6961463732
478,15:56:00,1225.88235294,24.2226194727
479,15:58:00,1225.88235294,27.2233409801
480,16:00:00,1226.17647059,28.7668109419
481,16:02:00,1225.11764706,22.7098061224
482,16:04:00,1218.35294118,24.2305106644
483,16:06:00,1208.64705882,29.3831184026
484,16:08:00,1200.94117647,24.8482157011
485,16:10:00,1193.82352941,22.8205918364
486,16:12:00,1189.0,27.2786546589
487,16:14:00,1182.58823529,26.6037093831
488,16:16:00,1181.47058824,28.502450875
489,16:18:00,1185.35294118,29.8117870491
490,16:20:00,1185.41176471,30.131086156
491,16:22:00,1184.88235294,28.0643954882
492,16:24:00,1185.88235294,27.3493198109
493,16:26:00,1191.6875,21.0450904805
494,16:28:00,1185.88235294,27.1796853204
495,16:30:00,1190.35294118,28.4998710007
496,16:32:00,1185.41176471,26.5284253762
497,16:34:00,1189.29411765,30.3680850275
498,16:36:00,1186.70588235,30.8864142988
499,16:38:00,1180.35294118,33.4588201684
500,16:40:00,1177.25,32.0218675283
501,16:42:00,1171.0,35.0660091827
502,16:44:00,1161.05882353,33.9640813733
503,16:46:00,1158.52941176,31.3550586968
504,16:48:00,1155.76470588,31.8188808174
505,16:50:00,1155.64705882,38.1312555138
506,16:52:00,1145.82352941,36.4489974041
507,16:54:00,1141.47058824,34.7798750125
508,16:56:00,1142.23529412,32.9820584026
509,16:58:00,1135.29411765,31.0096047739
510,17:00:00,1127.0,34.0936211042
511,17:02:00,1121.17647059,25.3998899951
512,17:04:00,1108.94117647,30.7844737413
513,17:06:00,1093.875,32.4753752865
514,17:08:00,1075.23529412,29.9886007755
515,17:10:00,1060.94117647,31.3956019775
516,17:12:00,1039.94117647,33.2499447147
517,17:14:00,1030.88235294,30.8279142032
518,17:16:00,1025.23529412,29.1516067562
519,17:18:00,1016.17647059,33.4462914501
520,17:20:00,1011.23529412,36.8570370007
521,17:22:00,1012.47058824,32.8255191259
522,17:24:00,1014.125,34.3042757296
523,17:26:00,1021.29411765,34.8366988711
524,17:28:00,1025.52941176,32.9224802511
525,17:30:00,1024.64705882,26.7627100096
526,17:32:00,1022.52941176,29.0755860798
527,17:34:00,1012.23529412,27.8534769189
528,17:36:00,998.823529412,36.1822388993
529,17:38:00,999.117647059,40.2428291018
530,17:40:00,984.941176471,49.7537317548
531,17:42:00,966.117647059,50.9655304507
532,17:44:00,957.058823529,47.1108673613
533,17:46:00,948.823529412,53.3774710132
534,17:48:00,946.941176471,51.3827191138
535,17:50:00,953.647058824,53.0977179082
536,17:52:00,953.941176471,53.335577465
537,17:54:00,962.0,56.2283291589
538,17:56:00,971.529411765,51.9123271091
539,17:58:00,985.882352941,53.3020665089
540,18:00:00,996.058823529,49.1445197711
541,18:02:00,1007.64705882,51.2359019347
542,18:04:00,1011.58823529,56.4878956321
543,18:06:00,1020.0625,61.4540139725
544,18:08:00,1022.58823529,63.717206098
545,18:10:00,1031.8125,65.993149897
546,18:12:00,1027.94117647,60.0702407481
547,18:14:00,1019.11764706,59.3768498164
548,18:16:00,1019.17647059,58.1949689558
549,18:18:00,1029.1875,53.1378317836
550,18:20:00,1032.125,54.270771753
551,18:22:00,1044.35294118,58.5234367331
552,18:24:00,1054.88235294,60.9147789466
553,18:26:00,1062.52941176,57.2255599001
554,18:28:00,1072.52941176,56.5244611286
555,18:30:00,1077.05882353,57.1625648789
556,18:32:00,1078.29411765,57.0074169581
557,18:34:00,1080.64705882,56.8220260732
558,18:36:00,1082.29411765,62.5747200412
559,18:38:00,1085.17647059,66.5011609806
560,18:40:00,1089.1875,61.8969237254
561,18:42:00,1094.47058824,50.5236549141
562,18:44:00,1097.94117647,49.0452222294
563,18:46:00,1102.64705882,48.7069568651
564,18:48:00,1106.82352941,50.5757294734
565,18:50:00,1111.58823529,54.2644667618
566,18:52:00,1119.29411765,46.7276212559
567,18:54:00,1128.05882353,40.8326930722
568,18:56:00,1129.82352941,42.0939949609
569,18:58:00,1135.23529412,49.8341366582
570,19:00:00,1145.70588235,49.2858558639
571,19:02:00,1146.94117647,42.7411841615
572,19:04:00,1148.76470588,46.8181714345
573,19:06:00,1163.23529412,43.2919296922
574,19:08:00,1165.11764706,46.2261862381
575,19:10:00,1166.35294118,45.5507151103
576,19:12:00,1164.11764706,44.0381686054
577,19:14:00,1167.64705882,44.7785400282
578,19:16:00,1168.88235294,43.0767953093
579,19:18:00,1175.70588235,37.1597307342
580,19:20:00,1175.82352941,37.1066626331
581,19:22:00,1181.53333333,45.104429093
582,19:24:00,1186.0,42.6072176984
583,19:26:00,1189.52941176,45.3474332888
584,19:28:00,1195.41176471,40.8335934365
585,19:30:00,1192.35294118,42.0638520235
586,19:32:00,1188.8125,30.5291527342
587,19:34:00,1195.8125,46.4689412404
588,19:36:00,1200.35294118,41.8836799608
589,19:38:00,1201.88235294,36.563100171
590,19:40:00,1202.29411765,36.0360318048
591,19:42:00,1205.58823529,35.0518523468
592,19:44:00,1209.88235294,33.0622185299
593,19:46:00,1216.82352941,37.2344519466
594,19:48:00,1223.52941176,33.3618750355
595,19:50:00,1224.23529412,32.8167819335
596,19:52:00,1228.94117647,34.4010729997
597,19:54:00,1236.76470588,34.6257299774
598,19:56:00,1241.52941176,32.8179022164
599,19:58:00,1238.0,35.3783125658
600,20:00:00,1238.47058824,34.7421171762
601,20:02:00,1241.94117647,34.0688101279
602,20:04:00,1247.41176471,34.1523403728
603,20:06:00,1251.76470588,31.0735607305
604,20:08:00,1250.29411765,32.8000851864
605,20:10:00,1250.23529412,35.7937309661
606,20:12:00,1254.35294118,31.7744810667
607,20:14:00,1250.23529412,34.0835910149
608,20:16:00,1250.94117647,34.9418634811
609,20:18:00,1255.41176471,35.8801108268
610,20:20:00,1263.64705882,36.1920937092
611,20:22:00,1267.0,34.3874977281
612,20:24:00,1266.9375,33.733205698
613,20:26:00,1269.17647059,30.5352978005
614,20:28:00,1271.47058824,32.793135042
615,20:30:00,1271.41176471,32.6459393025
616,20:32:00,1273.94117647,34.3356057691
617,20:34:00,1279.11764706,31.4043833583
618,20:36:00,1281.88235294,32.7068080698
619,20:38:00,1282.94117647,32.5201295128
620,20:40:00,1283.52941176,29.1013694847
621,20:42:00,1281.94117647,28.3955775347
622,20:44:00,1283.58823529,28.7425182081
623,20:46:00,1285.82352941,29.2942726785
624,20:48:00,1287.41176471,29.4619645126
625,20:50:00,1290.17647059,29.4028810113
626,20:52:00,1296.0,30.5570504685
627,20:54:00,1298.29411765,26.7716377578
628,20:56:00,1300.88235294,26.8651315671
629,20:58:00,1298.70588235,28.3036320679
630,21:00:00,1298.35294118,26.2700903512
631,21:02:00,1299.17647059,26.9194058583
632,21:04:00,1304.52941176,23.3669575658
633,21:06:00,1305.17647059,26.0893543762
634,21:08:00,1307.75,27.7836882601
635,21:10:00,1308.06666667,29.9725271032
636,21:12:00,1310.35294118,27.656240653
637,21:14:00,1307.82352941,26.7447081077
638,21:16:00,1309.70588235,24.50960196
639,21:18:00,1308.75,27.1722898066
640,21:20:00,1311.35294118,23.6747259131
641,21:22:00,1311.70588235,23.7664803502
642,21:24:00,1314.82352941,22.5311875356
643,21:26:00,1322.64705882,29.8138834615
644,21:28:00,1325.70588235,29.4210059011
645,21:30:00,1327.94117647,30.0841955772
646,21:32:00,1327.58823529,30.5451690606
647,21:34:00,1330.05882353,33.8202428071
648,21:36:00,1329.64705882,33.578157291
649,21:38:00,1325.05882353,32.9345384593
650,21:40:00,1325.94117647,33.3437973772
651,21:42:00,1327.29411765,32.7695832783
652,21:44:00,1328.70588235,31.9702297182
653,21:46:00,1327.64705882,29.893438194
654,21:48:00,1327.52941176,26.4176021978
655,21:50:00,1328.11764706,29.4255041438
656,21:52:00,1329.70588235,30.5056648548
657,21:54:00,1331.05882353,31.5286984116
658,21:56:00,1329.35294118,27.4953204575
659,21:58:00,1332.64705882,30.3951911831
660,22:00:00,1328.88235294,36.08130117
661,22:02:00,1333.0625,36.1929436032
662,22:04:00,1332.05882353,37.4390681445
663,22:06:00,1330.23529412,34.9830841475
664,22:08:00,1331.35294118,37.2356367887
665,22:10:00,1328.70588235,35.3973245915
666,22:12:00,1328.76470588,35.093677158
667,22:14:00,1329.58823529,32.9109761773
668,22:16:00,1332.47058824,32.7168107535
669,22:18:00,1330.41176471,33.9725234998
670,22:20:00,1331.52941176,31.9924163808
671,22:22:00,1334.47058824,31.8082490226
672,22:24:00,1338.05882353,30.1360883913
673,22:26:00,1339.64705882,29.1632070777
674,22:28:00,1342.75,31.391081536
675,22:30:00,1344.64705882,31.5593511825
676,22:32:00,1344.23529412,30.8292260115
677,22:34:00,1345.17647059,32.2940305903
678,22:36:00,1347.41176471,32.1948342586
679,22:38:00,1351.76470588,34.2500536711
680,22:40:00,1348.1875,33.4807780674
681,22:42:00,1351.94117647,33.5232579492
682,22:44:00,1352.52941176,35.982839047
683,22:46:00,1351.52941176,36.1803082613
684,22:48:00,1353.76470588,35.3474352177
685,22:50:00,1357.11764706,34.9997899153
686,22:52:00,1360.0,37.1836657687
687,22:54:00,1363.64705882,38.8393183135
688,22:56:00,1364.05882353,32.1606720006
689,22:58:00,1367.47058824,25.5272345914
690,23:00:00,1367.47058824,26.0219081906
691,23:02:00,1370.58823529,29.184882267
692,23:04:00,1371.47058824,25.5859278879
693,23:06:00,1374.1875,24.8333612975
694,23:08:00,1375.76470588,26.8130784594
695,23:10:00,1374.82352941,26.599425027
696,23:12:00,1371.64705882,28.4713478265
697,23:14:00,1370.35294118,29.4659574265
698,23:16:00,1373.0,25.9281057285
699,23:18:00,1369.11764706,30.1078942159
700,23:20:00,1369.41176471,28.3968722387
701,23:22:00,1367.94117647,26.5505898904
702,23:24:00,1367.82352941,26.4698774414
703,23:26:00,1370.17647059,24.789703745
704,23:28:00,1370.23529412,26.1355347462
705,23:30:00,1369.375,27.6643573333
706,23:32:00,1367.88235294,26.1507226309
707,23:34:00,1367.52941176,26.6718898071
708,23:36:00,1367.0,26.8398025328
709,23:38:00,1369.29411765,26.3599239042
710,23:40:00,1370.35294118,26.8582882377
711,23:42:00,1371.05882353,26.5882271603
712,23:44:00,1370.29411765,20.2446434455
713,23:46:00,1370.82352941,21.5152134957
714,23:48:00,1372.35294118,20.4570928301
715,23:50:00,1376.0,18.0628532261
716,23:52:00,1373.11764706,19.4064498072
717,23:54:00,1376.76470588,19.3084483186
718,23:56:00,1374.76470588,18.8066790389
719,23:58:00,1375.52941176,19.6440755925
